000001010000010100000101000001010000
000101010001010100010101000101010001
001001010010010100100101001001010010
001101010011010100110101001101010011
010001010100010101000101010001010100
010101010101010101010101010101010101
011001010110010101100101011001010110
011101010111010101110101011101010111
100001011000010110000101100001011000
100101011001010110010101100101011001
101001011010010110100101101001011010
101101011011010110110101101101011011
110001011100010111000101110001011100
110101011101010111010101110101011101
111001011110010111100101111001011110
111101011111010111110101111101011111
000001100000011000000110000001100000
000101100001011000010110000101100001
001001100010011000100110001001100010
001101100011011000110110001101100011
010001100100011001000110010001100100
010101100101011001010110010101100101
011001100110011001100110011001100110
011101100111011001110110011101100111
100001101000011010000110100001101000
100101101001011010010110100101101001
101001101010011010100110101001101010
101101101011011010110110101101101011
110001101100011011000110110001101100
110101101101011011010110110101101101
111001101110011011100110111001101110
111101101111011011110110111101101111
000001110000011100000111000001110000
000101110001011100010111000101110001
001001110010011100100111001001110010
001101110011011100110111001101110011
010001110100011101000111010001110100
010101110101011101010111010101110101
011001110110011101100111011001110110
011101110111011101110111011101110111
100001111000011110000111100001111000
100101111001011110010111100101111001
101001111010011110100111101001111010
101101111011011110110111101101111011
110001111100011111000111110001111100
110101111101011111010111110101111101
111001111110011111100111111001111110
111101111111011111110111111101111111
000010000000100000001000000010000000
000110000001100000011000000110000001
001010000010100000101000001010000010
001110000011100000111000001110000011
010010000100100001001000010010000100
010110000101100001011000010110000101
011010000110100001101000011010000110
011110000111100001111000011110000111
100010001000100010001000100010001000
100110001001100010011000100110001001
101010001010100010101000101010001010
101110001011100010111000101110001011
110010001100100011001000110010001100
110110001101100011011000110110001101
111010001110100011101000111010001110
111110001111100011111000111110001111
000010010000100100001001000010010000
000110010001100100011001000110010001
001010010010100100101001001010010010
001110010011100100111001001110010011
010010010100100101001001010010010100
010110010101100101011001010110010101
011010010110100101101001011010010110
011110010111100101111001011110010111
100010011000100110001001100010011000
100110011001100110011001100110011001
101010011010100110101001101010011010
101110011011100110111001101110011011
110010011100100111001001110010011100
110110011101100111011001110110011101
111010011110100111101001111010011110
111110011111100111111001111110011111
000010100000101000001010000010100000
000110100001101000011010000110100001
001010100010101000101010001010100010
001110100011101000111010001110100011
010010100100101001001010010010100100
010110100101101001011010010110100101
011010100110101001101010011010100110
011110100111101001111010011110100111
100010101000101010001010100010101000
100110101001101010011010100110101001
101010101010101010101010101010101010
101110101011101010111010101110101011
110010101100101011001010110010101100
110110101101101011011010110110101101
111010101110101011101010111010101110
111110101111101011111010111110101111
000010110000101100001011000010110000
000110110001101100011011000110110001
001010110010101100101011001010110010
001110110011101100111011001110110011
010010110100101101001011010010110100
010110110101101101011011010110110101
011010110110101101101011011010110110
011110110111101101111011011110110111
100010111000101110001011100010111000
100110111001101110011011100110111001
101010111010101110101011101010111010
101110111011101110111011101110111011
110010111100101111001011110010111100
110110111101101111011011110110111101
111010111110101111101011111010111110
111110111111101111111011111110111111
000011000000110000001100000011000000
000111000001110000011100000111000001
001011000010110000101100001011000010
001111000011110000111100001111000011
010011000100110001001100010011000100
010111000101110001011100010111000101
011011000110110001101100011011000110
011111000111110001111100011111000111
100011001000110010001100100011001000
100111001001110010011100100111001001
101011001010110010101100101011001010
101111001011110010111100101111001011
110011001100110011001100110011001100
110111001101110011011100110111001101
111011001110110011101100111011001110
111111001111110011111100111111001111
000011010000110100001101000011010000
000111010001110100011101000111010001
001011010010110100101101001011010010
001111010011110100111101001111010011
010011010100110101001101010011010100
010111010101110101011101010111010101
011011010110110101101101011011010110
011111010111110101111101011111010111
100011011000110110001101100011011000
100111011001110110011101100111011001
101011011010110110101101101011011010
101111011011110110111101101111011011
110011011100110111001101110011011100
110111011101110111011101110111011101
111011011110110111101101111011011110
111111011111110111111101111111011111
000011100000111000001110000011100000
000111100001111000011110000111100001
001011100010111000101110001011100010
001111100011111000111110001111100011
010011100100111001001110010011100100
010111100101111001011110010111100101
011011100110111001101110011011100110
011111100111111001111110011111100111
100011101000111010001110100011101000
100111101001111010011110100111101001
101011101010111010101110101011101010
101111101011111010111110101111101011
110011101100111011001110110011101100
110111101101111011011110110111101101
111011101110111011101110111011101110
111111101111111011111110111111101111
000011110000111100001111000011110000
000111110001111100011111000111110001
001011110010111100101111001011110010
001111110011111100111111001111110011
010011110100111101001111010011110100
010111110101111101011111010111110101
011011110110111101101111011011110110
011111110111111101111111011111110111
100011111000111110001111100011111000
100111111001111110011111100111111001
101011111010111110101111101011111010
101111111011111110111111101111111011
110011111100111111001111110011111100
110111111101111111011111110111111101
111011111110111111101111111011111110
111111111111111111111111111111111111
000001000000001000000001000000001000
000011000000011000000011000000011000
000101000000101000000101000000101000
000111000000111000000111000000111000
001001000001001000001001000001001000
001011000001011000001011000001011000
001101000001101000001101000001101000
001111000001111000001111000001111000
010001000010001000010001000010001000
010011000010011000010011000010011000
010101000010101000010101000010101000
010111000010111000010111000010111000
011001000011001000011001000011001000
011011000011011000011011000011011000
011101000011101000011101000011101000
011111000011111000011111000011111000
100001000100001000100001000100001000
100011000100011000100011000100011000
100101000100101000100101000100101000
100111000100111000100111000100111000
101001000101001000101001000101001000
101011000101011000101011000101011000
101101000101101000101101000101101000
101111000101111000101111000101111000
110001000110001000110001000110001000
110011000110011000110011000110011000
110101000110101000110101000110101000
110111000110111000110111000110111000
111001000111001000111001000111001000
111011000111011000111011000111011000
111101000111101000111101000111101000
111111000111111000111111000111111000
000001001000001001000001001000001001
000011001000011001000011001000011001
000101001000101001000101001000101001
000111001000111001000111001000111001
001001001001001001001001001001001001
001011001001011001001011001001011001
001101001001101001001101001001101001
001111001001111001001111001001111001
010001001010001001010001001010001001
010011001010011001010011001010011001
010101001010101001010101001010101001
010111001010111001010111001010111001
011001001011001001011001001011001001
011011001011011001011011001011011001
011101001011101001011101001011101001
011111001011111001011111001011111001
100001001100001001100001001100001001
100011001100011001100011001100011001
100101001100101001100101001100101001
100111001100111001100111001100111001
101001001101001001101001001101001001
101011001101011001101011001101011001
101101001101101001101101001101101001
101111001101111001101111001101111001
110001001110001001110001001110001001
110011001110011001110011001110011001
110101001110101001110101001110101001
110111001110111001110111001110111001
111001001111001001111001001111001001
111011001111011001111011001111011001
111101001111101001111101001111101001
111111001111111001111111001111111001
000001010000001010000001010000001010
000011010000011010000011010000011010
000101010000101010000101010000101010
000111010000111010000111010000111010
001001010001001010001001010001001010
001011010001011010001011010001011010
001101010001101010001101010001101010
001111010001111010001111010001111010
010001010010001010010001010010001010
010011010010011010010011010010011010
010101010010101010010101010010101010
010111010010111010010111010010111010
011001010011001010011001010011001010
011011010011011010011011010011011010
011101010011101010011101010011101010
