010001010011010100100101000101010000
010101010100010100110101001001010001
011001010101010101000101001101010010
011101010110010101010101010001010011
100001010111010101100101010101010100
100101011000010101110101011001010101
101001011001010110000101011101010110
101101011010010110010101100001010111
110001011011010110100101100101011000
110101011100010110110101101001011001
111001011101010111000101101101011010
111101011110010111010101110001011011
000001011111010111100101110101011100
000101100000010111110101111001011101
001001100001011000000101111101011110
001101100010011000010110000001011111
010001100011011000100110000101100000
010101100100011000110110001001100001
011001100101011001000110001101100010
011101100110011001010110010001100011
100001100111011001100110010101100100
100101101000011001110110011001100101
101001101001011010000110011101100110
101101101010011010010110100001100111
110001101011011010100110100101101000
110101101100011010110110101001101001
111001101101011011000110101101101010
111101101110011011010110110001101011
000001101111011011100110110101101100
000101110000011011110110111001101101
001001110001011100000110111101101110
001101110010011100010111000001101111
010001110011011100100111000101110000
010101110100011100110111001001110001
011001110101011101000111001101110010
011101110110011101010111010001110011
100001110111011101100111010101110100
100101111000011101110111011001110101
101001111001011110000111011101110110
101101111010011110010111100001110111
110001111011011110100111100101111000
110101111100011110110111101001111001
111001111101011111000111101101111010
111101111110011111010111110001111011
000001111111011111100111110101111100
000110000000011111110111111001111101
001010000001100000000111111101111110
001110000010100000011000000001111111
010010000011100000101000000110000000
010110000100100000111000001010000001
011010000101100001001000001110000010
011110000110100001011000010010000011
100010000111100001101000010110000100
100110001000100001111000011010000101
101010001001100010001000011110000110
101110001010100010011000100010000111
110010001011100010101000100110001000
110110001100100010111000101010001001
111010001101100011001000101110001010
111110001110100011011000110010001011
000010001111100011101000110110001100
000110010000100011111000111010001101
001010010001100100001000111110001110
001110010010100100011001000010001111
010010010011100100101001000110010000
010110010100100100111001001010010001
011010010101100101001001001110010010
011110010110100101011001010010010011
100010010111100101101001010110010100
100110011000100101111001011010010101
101010011001100110001001011110010110
101110011010100110011001100010010111
110010011011100110101001100110011000
110110011100100110111001101010011001
111010011101100111001001101110011010
111110011110100111011001110010011011
000010011111100111101001110110011100
000110100000100111111001111010011101
001010100001101000001001111110011110
001110100010101000011010000010011111
010010100011101000101010000110100000
010110100100101000111010001010100001
011010100101101001001010001110100010
011110100110101001011010010010100011
100010100111101001101010010110100100
100110101000101001111010011010100101
101010101001101010001010011110100110
101110101010101010011010100010100111
110010101011101010101010100110101000
110110101100101010111010101010101001
111010101101101011001010101110101010
111110101110101011011010110010101011
000010101111101011101010110110101100
000110110000101011111010111010101101
001010110001101100001010111110101110
001110110010101100011011000010101111
010010110011101100101011000110110000
010110110100101100111011001010110001
011010110101101101001011001110110010
011110110110101101011011010010110011
100010110111101101101011010110110100
100110111000101101111011011010110101
101010111001101110001011011110110110
101110111010101110011011100010110111
110010111011101110101011100110111000
110110111100101110111011101010111001
111010111101101111001011101110111010
111110111110101111011011110010111011
000010111111101111101011110110111100
000111000000101111111011111010111101
001011000001110000001011111110111110
001111000010110000011100000010111111
010011000011110000101100000111000000
010111000100110000111100001011000001
011011000101110001001100001111000010
011111000110110001011100010011000011
100011000111110001101100010111000100
100111001000110001111100011011000101
101011001001110010001100011111000110
101111001010110010011100100011000111
110011001011110010101100100111001000
110111001100110010111100101011001001
111011001101110011001100101111001010
111111001110110011011100110011001011
000011001111110011101100110111001100
000111010000110011111100111011001101
001011010001110100001100111111001110
001111010010110100011101000011001111
010011010011110100101101000111010000
010111010100110100111101001011010001
011011010101110101001101001111010010
011111010110110101011101010011010011
100011010111110101101101010111010100
100111011000110101111101011011010101
101011011001110110001101011111010110
101111011010110110011101100011010111
110011011011110110101101100111011000
110111011100110110111101101011011001
111011011101110111001101101111011010
111111011110110111011101110011011011
000011011111110111101101110111011100
000111100000110111111101111011011101
001011100001111000001101111111011110
001111100010111000011110000011011111
010011100011111000101110000111100000
010111100100111000111110001011100001
011011100101111001001110001111100010
011111100110111001011110010011100011
100011100111111001101110010111100100
100111101000111001111110011011100101
101011101001111010001110011111100110
101111101010111010011110100011100111
110011101011111010101110100111101000
110111101100111010111110101011101001
111011101101111011001110101111101010
111111101110111011011110110011101011
000011101111111011101110110111101100
000111110000111011111110111011101101
001011110001111100001110111111101110
001111110010111100011111000011101111
010011110011111100101111000111110000
010111110100111100111111001011110001
011011110101111101001111001111110010
011111110110111101011111010011110011
100011110111111101101111010111110100
100111111000111101111111011011110101
101011111001111110001111011111110110
101111111010111110011111100011110111
110011111011111110101111100111111000
110111111100111110111111101011111001
111011111101111111001111101111111010
111111111110111111011111110011111011
000001111111111111110111111011111110
000011000000001111111111111110111111
000101000000011000000001111111111111
000111000000101000000011000000001111
001001000000111000000101000000011000
001011000001001000000111000000101000
001101000001011000001001000000111000
001111000001101000001011000001001000
010001000001111000001101000001011000
010011000010001000001111000001101000
010101000010011000010001000001111000
010111000010101000010011000010001000
011001000010111000010101000010011000
011011000011001000010111000010101000
011101000011011000011001000010111000
011111000011101000011011000011001000
100001000011111000011101000011011000
100011000100001000011111000011101000
100101000100011000100001000011111000
100111000100101000100011000100001000
101001000100111000100101000100011000
101011000101001000100111000100101000
101101000101011000101001000100111000
101111000101101000101011000101001000
110001000101111000101101000101011000
110011000110001000101111000101101000
110101000110011000110001000101111000
110111000110101000110011000110001000
111001000110111000110101000110011000
111011000111001000110111000110101000
111101000111011000111001000110111000
111111000111101000111011000111001000
000001000111111000111101000111011000
000011001000001000111111000111101000
000101001000011001000001000111111000
000111001000101001000011001000001000
001001001000111001000101001000011001
001011001001001001000111001000101001
001101001001011001001001001000111001
001111001001101001001011001001001001
010001001001111001001101001001011001
010011001010001001001111001001101001
010101001010011001010001001001111001
010111001010101001010011001010001001
011001001010111001010101001010011001
011011001011001001010111001010101001
011101001011011001011001001010111001
011111001011101001011011001011001001
100001001011111001011101001011011001
100011001100001001011111001011101001
100101001100011001100001001011111001
100111001100101001100011001100001001
101001001100111001100101001100011001
101011001101001001100111001100101001
101101001101011001101001001100111001
101111001101101001101011001101001001
110001001101111001101101001101011001
110011001110001001101111001101101001
110101001110011001110001001101111001
110111001110101001110011001110001001
111001001110111001110101001110011001
111011001111001001110111001110101001
111101001111011001111001001110111001
111111001111101001111011001111001001
000001001111111001111101001111011001
000011010000001001111111001111101001
000101010000011010000001001111111001
000111010000101010000011010000001001
001001010000111010000101010000011010
001011010001001010000111010000101010
001101010001011010001001010000111010
001111010001101010001011010001001010
010001010001111010001101010001011010
010011010010001010001111010001101010
010101010010011010010001010001111010
010111010010101010010011010010001010
011001010010111010010101010010011010
011011010011001010010111010010101010
011101010011011010011001010010111010
011111010011101010011011010011001010
100001010011111010011101010011011010
100011010100001010011111010011101010
100101010100011010100001010011111010
