000
101
010
100
000
101
111
011
110
100
000
101
010
100
101
010
001
111
011
110
100
000
000
000
000
101
111
110
100
101
010
100
101
010
100
101
111
110
001
111
011
110
100
101
010
100
000
000
000
101
010
001
010
001
111
110
001
111
110
001
010
001
111
110
100
101
010
001
111
110
100
000
000
101
111
011
011
011
110
001
111
110
001
111
011
011
110
001
010
001
111
011
110
001
010
100
000
101
010
100
000
000
101
111
110
001
111
110
100
000
101
111
011
011
110
100
101
111
011
110
100
101
111
110
100
000
101
010
001
111
110
001
010
100
101
010
100
000
101
010
001
010
100
101
010
001
010
001
010
100
101
111
011
110
001
111
011
110
001
111
110
100
101
111
011
011
110
001
111
011
011
011
011
110
001
010
100
101
111
110
100
101
111
110
001
010
001
010
100
000
101
111
110
100
000
000
000
101
111
011
110
001
010
001
010
001
010
001
111
011
011
011
110
100
101
010
001
010
100
000
000
101
010
100
101
111
011
011
011
011
011
011
110
100
000
000
101
010
001
111
011
011
110
100
000
101
111
110
001
010
100
000
000
000
000
